latitude=18.529623
longitude=73.843748