latitude=12.978755
longitude=77.556782

 

